{"nbformat":4,"nbformat_minor":0,"metadata":{"colab":{"name":"stereoVO_Global.ipynb","provenance":[],"collapsed_sections":[]},"kernelspec":{"name":"python3","display_name":"Python 3"},"language_info":{"name":"python"}},"cells":[{"cell_type":"code","metadata":{"colab":{"base_uri":"https://localhost:8080/"},"id":"i7JXYS_S-69q","executionInfo":{"status":"ok","timestamp":1622757265166,"user_tz":300,"elapsed":13906,"user":{"displayName":"Chris","photoUrl":"","userId":"13840980057861822721"}},"outputId":"c87202d6-dcf8-418f-c6fe-c770a2a00fe3"},"source":["from google.colab import files, drive\n","drive.mount('/content/drive')\n","! ln -s drive/MyDrive/CV-Project/dataset ./dataset\n","# ! pip install -U -q opencv-python\n","! pip install opencv-contrib-python==4.4.0.44\n","! pip install -q open3d\n","! pip install -q pykitti\n","! pip install -q plotly\n","# ! pip install -q evo\n","! pip install evo --upgrade --no-binary evo\n"],"execution_count":1,"outputs":[{"output_type":"stream","text":["Drive already mounted at /content/drive; to attempt to forcibly remount, call drive.mount(\"/content/drive\", force_remount=True).\n","ln: failed to create symbolic link './dataset/dataset': File exists\n","Requirement already satisfied: opencv-contrib-python==4.4.0.44 in /usr/local/lib/python3.7/dist-packages (4.4.0.44)\n","Requirement already satisfied: numpy>=1.14.5 in /usr/local/lib/python3.7/dist-packages (from opencv-contrib-python==4.4.0.44) (1.19.5)\n","Requirement already up-to-date: evo in /usr/local/lib/python3.7/dist-packages (1.13.5)\n","Requirement already satisfied, skipping upgrade: numpy in /usr/local/lib/python3.7/dist-packages (from evo) (1.19.5)\n","Requirement already satisfied, skipping upgrade: matplotlib in /usr/local/lib/python3.7/dist-packages (from evo) (3.2.2)\n","Requirement already satisfied, skipping upgrade: scipy>=1.2 in /usr/local/lib/python3.7/dist-packages (from evo) (1.4.1)\n","Requirement already satisfied, skipping upgrade: pandas in /usr/local/lib/python3.7/dist-packages (from evo) (1.1.5)\n","Requirement already satisfied, skipping upgrade: seaborn>=0.9 in /usr/local/lib/python3.7/dist-packages (from evo) (0.11.1)\n","Requirement already satisfied, skipping upgrade: natsort in /usr/local/lib/python3.7/dist-packages (from evo) (5.5.0)\n","Requirement already satisfied, skipping upgrade: argcomplete in /usr/local/lib/python3.7/dist-packages (from evo) (1.12.3)\n","Requirement already satisfied, skipping upgrade: colorama>=0.3 in /usr/local/lib/python3.7/dist-packages (from evo) (0.4.4)\n","Requirement already satisfied, skipping upgrade: pygments in /usr/local/lib/python3.7/dist-packages (from evo) (2.9.0)\n","Requirement already satisfied, skipping upgrade: pyyaml in /usr/local/lib/python3.7/dist-packages (from evo) (5.4.1)\n","Requirement already satisfied, skipping upgrade: pillow in /usr/local/lib/python3.7/dist-packages (from evo) (8.2.0)\n","Requirement already satisfied, skipping upgrade: cycler>=0.10 in /usr/local/lib/python3.7/dist-packages (from matplotlib->evo) (0.10.0)\n","Requirement already satisfied, skipping upgrade: kiwisolver>=1.0.1 in /usr/local/lib/python3.7/dist-packages (from matplotlib->evo) (1.3.1)\n","Requirement already satisfied, skipping upgrade: pyparsing!=2.0.4,!=2.1.2,!=2.1.6,>=2.0.1 in /usr/local/lib/python3.7/dist-packages (from matplotlib->evo) (2.4.7)\n","Requirement already satisfied, skipping upgrade: python-dateutil>=2.1 in /usr/local/lib/python3.7/dist-packages (from matplotlib->evo) (2.8.1)\n","Requirement already satisfied, skipping upgrade: pytz>=2017.2 in /usr/local/lib/python3.7/dist-packages (from pandas->evo) (2018.9)\n","Requirement already satisfied, skipping upgrade: importlib-metadata<5,>=0.23; python_version == \"3.7\" in /usr/local/lib/python3.7/dist-packages (from argcomplete->evo) (4.0.1)\n","Requirement already satisfied, skipping upgrade: six in /usr/local/lib/python3.7/dist-packages (from cycler>=0.10->matplotlib->evo) (1.15.0)\n","Requirement already satisfied, skipping upgrade: zipp>=0.5 in /usr/local/lib/python3.7/dist-packages (from importlib-metadata<5,>=0.23; python_version == \"3.7\"->argcomplete->evo) (3.4.1)\n","Requirement already satisfied, skipping upgrade: typing-extensions>=3.6.4; python_version < \"3.8\" in /usr/local/lib/python3.7/dist-packages (from importlib-metadata<5,>=0.23; python_version == \"3.7\"->argcomplete->evo) (3.7.4.3)\n"],"name":"stdout"}]},{"cell_type":"code","metadata":{"id":"aYXdoX7K7S23","executionInfo":{"status":"ok","timestamp":1622757265167,"user_tz":300,"elapsed":6,"user":{"displayName":"Chris","photoUrl":"","userId":"13840980057861822721"}}},"source":["def preprocess_point_cloud(pcd, voxel_size):\n","    # print(\":: Downsample with a voxel size %.3f.\" % voxel_size)\n","    pcd_down = pcd.voxel_down_sample(voxel_size)\n","\n","    radius_normal = voxel_size * 2\n","    # print(\":: Estimate normal with search radius %.3f.\" % radius_normal)\n","    pcd_down.estimate_normals(\n","        o3d.geometry.KDTreeSearchParamHybrid(radius=radius_normal, max_nn=30))\n","\n","    radius_feature = voxel_size * 5\n","    # print(\":: Compute FPFH feature with search radius %.3f.\" % radius_feature)\n","    pcd_fpfh = o3d.pipelines.registration.compute_fpfh_feature(\n","        pcd_down,\n","        o3d.geometry.KDTreeSearchParamHybrid(radius=radius_feature, max_nn=100))\n","    return pcd_down, pcd_fpfh\n","\n","def prepare_dataset(voxel_size, source, target):\n","    # print(\":: Load two point clouds and disturb initial pose.\")\n","    # source = o3d.io.read_point_cloud(\"../../test_data/ICP/cloud_bin_0.pcd\")\n","    # target = o3d.io.read_point_cloud(\"../../test_data/ICP/cloud_bin_1.pcd\")\n","    # trans_init = np.asarray([[0.0, 0.0, 1.0, 0.0], [1.0, 0.0, 0.0, 0.0],\n","    #                          [0.0, 1.0, 0.0, 0.0], [0.0, 0.0, 0.0, 1.0]])\n","    # source.transform(trans_init)\n","    # draw_registration_result(source, target, np.identity(4))\n","    source_down, source_fpfh = preprocess_point_cloud(source, voxel_size)\n","    target_down, target_fpfh = preprocess_point_cloud(target, voxel_size)\n","    return source, target, source_down, target_down, source_fpfh, target_fpfh\n","\n","def execute_global_registration(source_down, target_down, source_fpfh,\n","                                target_fpfh, voxel_size):\n","    distance_threshold = voxel_size * 1.5\n","    # print(\":: RANSAC registration on downsampled point clouds.\")\n","    # print(\"   Since the downsampling voxel size is %.3f,\" % voxel_size)\n","    # print(\"   we use a liberal distance threshold %.3f.\" % distance_threshold)\n","    result = o3d.pipelines.registration.registration_ransac_based_on_feature_matching(\n","        source_down, target_down, source_fpfh, target_fpfh, True,\n","        distance_threshold,\n","        o3d.pipelines.registration.TransformationEstimationPointToPoint(False),\n","        3, [\n","            o3d.pipelines.registration.CorrespondenceCheckerBasedOnEdgeLength(\n","                0.9),\n","            o3d.pipelines.registration.CorrespondenceCheckerBasedOnDistance(\n","                distance_threshold)\n","        ], o3d.pipelines.registration.RANSACConvergenceCriteria(10000000, 0.999))\n","    return result"],"execution_count":2,"outputs":[]},{"cell_type":"code","metadata":{"id":"7_Hof2fARYhx","executionInfo":{"status":"ok","timestamp":1622757266995,"user_tz":300,"elapsed":1833,"user":{"displayName":"Chris","photoUrl":"","userId":"13840980057861822721"}}},"source":["import pykitti\n","import matplotlib.pyplot as plt\n","import numpy as np\n","import plotly.graph_objects as go\n","from typing import *\n","from time import time\n","import cv2\n","import open3d as o3d\n","import copy\n","\n","\n","windowSize = 5\n","\n","stereoParams = {\n","    'minDisparity': 16,\n","    'numDisparities': 100,\n","    'blockSize': 15,\n","    'P1': 8*3*windowSize**2,\n","    'P2': 32*3*windowSize**2,\n","    'disp12MaxDiff': 1,\n","    'uniquenessRatio': 10\n","}\n","\n","def writeKitti(poses: List[np.ndarray], filename='stereoVO.txt'):\n","    with open(filename, 'w') as f:\n","        for p in poses:\n","            f.write(f\"{' '.join(map(str, p[:3].reshape(-1)))}\\n\")\n","\n","def getSIFT(im0: np.ndarray, im1: np.ndarray, nfeatures=None):\n","    if nfeatures is not None:\n","        detector = cv2.SIFT_create(nfeatures=nfeatures)\n","    else:\n","        detector = cv2.SIFT_create()\n","    detector = cv2.SIFT_create(nfeatures=nfeatures)\n","    kp0, des0 = detector.detectAndCompute(im0, None)\n","    kp1, des1 = detector.detectAndCompute(im1, None)\n","    return kp0, des0, kp1, des1\n","\n","def matchFeature(kp0, des0: np.ndarray, kp1, des1: np.ndarray, coeff=0.8, distMeasure=cv2.NORM_L2):\n","    bf = cv2.BFMatcher(distMeasure)\n","    pts0 = []\n","    pts1 = []\n","    match = []\n","    for m, n in bf.knnMatch(des0, des1, k=2):\n","        if m.distance < coeff*n.distance:\n","            pts0.append(kp0[m.queryIdx].pt)\n","            pts1.append(kp1[m.trainIdx].pt)\n","            match.append(1)\n","        else:\n","            match.append(0)\n","    return np.array(pts0), np.array(pts1), np.array(match)\n","\n","def getStereoPtCloud(im0: np.ndarray, im1: np.ndarray, f: 'focal', b: 'baseline', downsample = True):\n","    h, w = im0.shape[:2]\n","\n","    stereo = cv2.StereoSGBM_create(**stereoParams)\n","    disp = stereo.compute(im0, im1).astype(np.float32) / 16.0\n","\n","    Q = np.float32([[1, 0, 0, -0.5*w],\n","                    [0, 1, 0, -0.5*h],\n","                    [0, 0, 0,     -f],\n","                    [0, 0, -1/b,   0]])\n","    points = cv2.reprojectImageTo3D(disp, Q)\n","    points = points[disp > disp.min()]\n","\n","    if downsample == True:\n","      points = points[np.random.randint(0, len(points), size = (50000))]\n","\n","    return points\n","\n","def preprocess_point_cloud(pcd, voxel_size):\n","    # print(\":: Downsample with a voxel size %.3f.\" % voxel_size)\n","    pcd_down = pcd.voxel_down_sample(voxel_size)\n","\n","    radius_normal = voxel_size * 2\n","    # print(\":: Estimate normal with search radius %.3f.\" % radius_normal)\n","    pcd_down.estimate_normals(\n","        o3d.geometry.KDTreeSearchParamHybrid(radius=radius_normal, max_nn=30))\n","\n","    radius_feature = voxel_size * 5\n","    # print(\":: Compute FPFH feature with search radius %.3f.\" % radius_feature)\n","    pcd_fpfh = o3d.pipelines.registration.compute_fpfh_feature(\n","        pcd_down,\n","        o3d.geometry.KDTreeSearchParamHybrid(radius=radius_feature, max_nn=100))\n","    return pcd_down, pcd_fpfh\n","\n","def prepare_dataset(voxel_size, source, target):\n","    source_down, source_fpfh = preprocess_point_cloud(source, voxel_size)\n","    target_down, target_fpfh = preprocess_point_cloud(target, voxel_size)\n","    return source, target, source_down, target_down, source_fpfh, target_fpfh\n","\n","def execute_global_registration(source_down, target_down, source_fpfh,\n","                                target_fpfh, voxel_size):\n","    distance_threshold = voxel_size * 1.5\n","    # print(\":: RANSAC registration on downsampled point clouds.\")\n","    # print(\"   Since the downsampling voxel size is %.3f,\" % voxel_size)\n","    # print(\"   we use a liberal distance threshold %.3f.\" % distance_threshold)\n","    result = o3d.pipelines.registration.registration_ransac_based_on_feature_matching(\n","        source_down, target_down, source_fpfh, target_fpfh, True,\n","        distance_threshold,\n","        o3d.pipelines.registration.TransformationEstimationPointToPoint(False),\n","        3, [\n","            o3d.pipelines.registration.CorrespondenceCheckerBasedOnEdgeLength(\n","                0.9),\n","            o3d.pipelines.registration.CorrespondenceCheckerBasedOnDistance(\n","                distance_threshold)\n","        ], o3d.pipelines.registration.RANSACConvergenceCriteria(10000000, 0.999))\n","    return result\n","\n","def main():\n","    dataset = pykitti.odometry('./dataset', '00')\n","    print('calib cam0 intrinsic calibration\\n', dataset.calib.K_cam0, '\\n')\n","    print('calib cam1 intrinsic calibration\\n', dataset.calib.K_cam1, '\\n')\n","    print('calib baseline (meters)\\n', dataset.calib.b_gray, '\\n')\n","    print('calib cam0 projection\\n', dataset.calib.P_rect_00, '\\n')\n","    print('calib cam1 projection\\n', dataset.calib.P_rect_10, '\\n')\n","\n","    print('\\n Beginning VO...')\n","    currPose = np.hstack((np.eye(3), np.zeros((3, 1))))\n","    # currPose = np.eye(4)\n","    grImg = iter(dataset.gray)\n","    K = dataset.calib.K_cam0\n","    f = K[0, 0]\n","    baseline = dataset.calib.b_gray\n","    P0, P1 = dataset.calib.P_rect_00, dataset.calib.P_rect_10\n","\n","    sTime = time()\n","    imA0, imA1 = map(np.array, next(grImg))\n","    ptCloudA = getStereoPtCloud(imA0, imA1, f, baseline)\n","\n","    path = [currPose]\n","    ct = 0\n","    while True:\n","        ct += 1\n","        print(f'Path Points: {len(path):>4,}; Loop Time: {time() - sTime}')\n","\n","        imB0, imB1 = imA0, imA1\n","        ptCloudB = ptCloudA\n","\n","        sTime = time()\n","        try:\n","            imA0, imA1 = map(np.array, next(grImg))\n","            ptCloudA = getStereoPtCloud(imA0, imA1, f, baseline)\n","        except StopIteration:\n","            break\n","\n","        src = o3d.geometry.PointCloud()\n","        src.points = o3d.utility.Vector3dVector(ptCloudA)\n","\n","        tar = o3d.geometry.PointCloud()\n","        tar.points = o3d.utility.Vector3dVector(ptCloudB)\n","\n","        voxel_size = 0.2  # means 5cm for this dataset\n","        source, target, source_down, target_down, source_fpfh, target_fpfh = prepare_dataset(voxel_size, src, tar)\n","\n","        result_ransac = execute_global_registration(source_down, target_down,\n","                                            source_fpfh, target_fpfh,\n","                                            voxel_size)\n","        # print(result_ransac)\n","        print(result_ransac.transformation)\n","        trans_init = result_ransac.transformation\n","\n","        threshold = 0.1\n","        # print(\"Initial alignment\")\n","        evaluation = o3d.pipelines.registration.evaluate_registration(src, tar,\n","                                                              threshold, trans_init)\n","        # print(evaluation)\n","\n","\n","        # print('ICP Alignment')\n","        reg_p2p = o3d.pipelines.registration.registration_icp(\n","            src, tar, threshold, trans_init,\n","            o3d.pipelines.registration.TransformationEstimationPointToPoint())\n","        \n","        print(reg_p2p)\n","        # print(reg_p2p.transformation)\n","\n","        currPose = currPose @ (reg_p2p.transformation)\n","        print(currPose)\n","        copyCurrPose = copy.deepcopy(currPose)\n","        copyCurrPose[0,-1] = -1*copyCurrPose[0,-1]\n","        copyCurrPose[1,-1] = -1*copyCurrPose[1,-1]\n","        path.append(copyCurrPose)\n","\n","        xC = currPose[0,-1]\n","        zC = currPose[2,-1]\n","\n","        plt.scatter(-xC, zC)\n","\n","        # Early exit after 100 frames to demonstrate for submission:\n","        if ct == 100:\n","          break\n","          plt.show()\n","\n","    writeKitti(path, 'drive/MyDrive/CV-Project/misc/stereoVO_50k.txt')"],"execution_count":3,"outputs":[]},{"cell_type":"code","metadata":{"colab":{"base_uri":"https://localhost:8080/","height":1000},"id":"ArRPGXrARnfF","executionInfo":{"status":"ok","timestamp":1622757821972,"user_tz":300,"elapsed":554979,"user":{"displayName":"Chris","photoUrl":"","userId":"13840980057861822721"}},"outputId":"7f42ae3d-6507-4828-ef3f-4b8c48c4092d"},"source":["main()"],"execution_count":4,"outputs":[{"output_type":"stream","text":["calib cam0 intrinsic calibration\n"," [[718.856    0.     607.1928]\n"," [  0.     718.856  185.2157]\n"," [  0.       0.       1.    ]] \n","\n","calib cam1 intrinsic calibration\n"," [[718.856    0.     607.1928]\n"," [  0.     718.856  185.2157]\n"," [  0.       0.       1.    ]] \n","\n","calib baseline (meters)\n"," 0.5371657081270053 \n","\n","calib cam0 projection\n"," [[718.856    0.     607.1928   0.    ]\n"," [  0.     718.856  185.2157   0.    ]\n"," [  0.       0.       1.       0.    ]] \n","\n","calib cam1 projection\n"," [[ 718.856     0.      607.1928 -386.1448]\n"," [   0.      718.856   185.2157    0.    ]\n"," [   0.        0.        1.        0.    ]] \n","\n","\n"," Beginning VO...\n","Path Points:    1; Loop Time: 0.5232069492340088\n","[[ 0.99990801 -0.00928087  0.00989105 -0.10327782]\n"," [ 0.0091595   0.99988306  0.01224607 -0.04494353]\n"," [-0.01000354 -0.01215434  0.99987609  0.66092703]\n"," [ 0.          0.          0.          1.        ]]\n","RegistrationResult with fitness=5.043000e-01, inlier_rmse=5.612388e-02, and correspondence_set size of 25215\n","Access transformation to get result.\n","[[ 0.99999714 -0.00170075  0.00168154  0.03010251]\n"," [ 0.00169343  0.99998913  0.00434426 -0.01823869]\n"," [-0.00168891 -0.0043414   0.99998915  0.66243054]]\n","Path Points:    2; Loop Time: 5.492485046386719\n","[[ 0.99995846 -0.00148475 -0.00899352  0.17931105]\n"," [ 0.00150791  0.99999557  0.00256825 -0.02711183]\n"," [ 0.00898967 -0.0025817   0.99995626  0.69904362]\n"," [ 0.          0.          0.          1.        ]]\n","RegistrationResult with fitness=5.391600e-01, inlier_rmse=5.452427e-02, and correspondence_set size of 26958\n","Access transformation to get result.\n","[[ 9.99985356e-01 -6.88727749e-04  5.36789593e-03  5.73848014e-02]\n"," [ 6.44786030e-04  9.99966307e-01  8.18345898e-03 -3.32865961e-02]\n"," [-5.37335125e-03 -8.17987800e-03  9.99952107e-01  1.34634361e+00]]\n","Path Points:    3; Loop Time: 5.8243653774261475\n","[[ 0.99986091 -0.01104576  0.01249576  0.0158973 ]\n"," [ 0.01137139  0.99958955 -0.02629505  0.36683622]\n"," [-0.01220018  0.02643349  0.99957612  0.81176394]\n"," [ 0.          0.          0.          1.        ]]\n","RegistrationResult with fitness=5.070400e-01, inlier_rmse=5.514399e-02, and correspondence_set size of 25352\n","Access transformation to get result.\n","[[ 9.99936783e-01 -2.00384474e-03  1.10641431e-02  6.36593914e-02]\n"," [ 1.89677444e-03  9.99951356e-01  9.67926160e-03 -3.03542499e-02]\n"," [-1.10830006e-02 -9.65766352e-03  9.99891942e-01  2.06869995e+00]]\n","Path Points:    4; Loop Time: 6.139297008514404\n","[[ 0.99996856 -0.00324425  0.00723579 -0.09110647]\n"," [ 0.00333462  0.99991615 -0.01251277  0.2130835 ]\n"," [-0.00719459  0.0125365   0.99989553  0.9087974 ]\n"," [ 0.          0.          0.          1.        ]]\n","RegistrationResult with fitness=5.138800e-01, inlier_rmse=5.461361e-02, and correspondence_set size of 25694\n","Access transformation to get result.\n","[[ 9.99861200e-01  1.23516954e-03  1.66148763e-02  8.67767833e-02]\n"," [-1.39646145e-03  9.99951983e-01  9.69958438e-03 -1.38544021e-02]\n"," [-1.66020978e-02 -9.72144011e-03  9.99814915e-01  2.82662892e+00]]\n","Path Points:    5; Loop Time: 6.273593187332153\n","[[ 0.99979998  0.00427422  0.01953799 -0.11171757]\n"," [-0.00462588  0.99982749  0.0179889  -0.27247738]\n"," [-0.01945773 -0.01807569  0.99964727  0.70604762]\n"," [ 0.          0.          0.          1.        ]]\n","RegistrationResult with fitness=5.156200e-01, inlier_rmse=5.571812e-02, and correspondence_set size of 25781\n","Access transformation to get result.\n","[[ 9.99634335e-01 -1.25477507e-03  2.70115109e-02  6.48431229e-02]\n"," [ 9.80354761e-04  9.99947801e-01  1.01702307e-02 -1.57218391e-03]\n"," [-2.70228622e-02 -1.01400310e-02  9.99583386e-01  3.54838212e+00]]\n","Path Points:    6; Loop Time: 5.443140029907227\n","[[ 9.99974004e-01 -7.17212138e-03 -7.42393603e-04  9.34247586e-02]\n"," [ 7.17051536e-03  9.99971993e-01 -2.14381286e-03  1.38790458e-01]\n"," [ 7.57748497e-04  2.13843379e-03  9.99997426e-01  8.76410793e-01]\n"," [ 0.00000000e+00  0.00000000e+00  0.00000000e+00  1.00000000e+00]]\n","RegistrationResult with fitness=5.098600e-01, inlier_rmse=5.804858e-02, and correspondence_set size of 25493\n","Access transformation to get result.\n","[[ 9.99500396e-01  1.27010336e-03  3.15807585e-02  1.28744019e-01]\n"," [-1.63644561e-03  9.99931645e-01  1.15770331e-02  1.06891627e-02]\n"," [-3.15638958e-02 -1.16229294e-02  9.99434154e-01  4.34941191e+00]]\n","Path Points:    7; Loop Time: 5.820282697677612\n","[[ 0.99981096  0.00770324  0.01785246 -0.19582905]\n"," [-0.0077237   0.99996959  0.00107742 -0.02627623]\n"," [-0.01784362 -0.00121511  0.99984005  0.77732014]\n"," [ 0.          0.          0.          1.        ]]\n","RegistrationResult with fitness=5.308200e-01, inlier_rmse=5.495977e-02, and correspondence_set size of 26541\n","Access transformation to get result.\n","[[ 9.99355206e-01  5.05374111e-03  3.55476021e-02  1.89533501e-01]\n"," [-5.47689471e-03  9.99915183e-01  1.18165714e-02  2.70276264e-02]\n"," [-3.54848692e-02 -1.20036426e-02  9.99298122e-01  5.15288815e+00]]\n","Path Points:    8; Loop Time: 6.1344263553619385\n","[[ 0.99993479  0.00779636  0.00834413 -0.06525698]\n"," [-0.00790048  0.99989042  0.01251898 -0.16876812]\n"," [-0.00824561 -0.01258408  0.99988682  0.61575752]\n"," [ 0.          0.          0.          1.        ]]\n","RegistrationResult with fitness=5.045400e-01, inlier_rmse=5.524064e-02, and correspondence_set size of 25227\n","Access transformation to get result.\n","[[ 9.99232348e-01  4.64582190e-03  3.88989745e-02  2.49157889e-01]\n"," [-5.09472032e-03  9.99921480e-01  1.14489456e-02  2.74015543e-02]\n"," [-3.88427304e-02 -1.16383362e-02  9.99177558e-01  5.90746789e+00]]\n","Path Points:    9; Loop Time: 5.583580493927002\n","[[ 0.99990645 -0.01273435 -0.00499259  0.1840359 ]\n"," [ 0.01269103  0.99988235 -0.0086152   0.10461956]\n"," [ 0.00510171  0.00855104  0.99995042  0.88982024]\n"," [ 0.          0.          0.          1.        ]]\n","RegistrationResult with fitness=4.880600e-01, inlier_rmse=5.434574e-02, and correspondence_set size of 24403\n","Access transformation to get result.\n","[[ 9.99221079e-01  2.46587092e-03  3.93846996e-02  3.52473060e-01]\n"," [-2.87077033e-03  9.99943578e-01  1.02273840e-02  3.22310253e-02]\n"," [-3.93572580e-02 -1.03324821e-02  9.99171780e-01  6.70799304e+00]]\n","Path Points:   10; Loop Time: 5.781594753265381\n","[[ 9.99997689e-01  3.27552428e-04  2.12490714e-03  6.04328086e-02]\n"," [-3.30845985e-04  9.99998744e-01  1.54981100e-03  5.78567609e-02]\n"," [-2.12439683e-03 -1.55051043e-03  9.99996541e-01  9.80941606e-01]\n"," [ 0.00000000e+00  0.00000000e+00  0.00000000e+00  1.00000000e+00]]\n","RegistrationResult with fitness=5.103200e-01, inlier_rmse=5.361186e-02, and correspondence_set size of 25516\n","Access transformation to get result.\n","[[ 9.99098553e-01  1.70853087e-03  4.24165447e-02  4.15008381e-01]\n"," [-2.04077182e-03  9.99967569e-01  7.79075019e-03  4.66958348e-02]\n"," [-4.24018583e-02 -7.87028973e-03  9.99069638e-01  7.54860219e+00]]\n","Path Points:   11; Loop Time: 6.018374919891357\n","[[ 0.99992761 -0.01174196  0.00262747 -0.03760713]\n"," [ 0.01178907  0.99975568 -0.01869765  0.22418466]\n"," [-0.00240728  0.01872727  0.99982173  0.89069152]\n"," [ 0.          0.          0.          1.        ]]\n","RegistrationResult with fitness=5.512400e-01, inlier_rmse=5.475117e-02, and correspondence_set size of 27562\n","Access transformation to get result.\n","[[ 9.98835800e-01  4.45433122e-03  4.80333518e-02  4.47699933e-01]\n"," [-4.82444081e-03  9.99959542e-01  7.59208296e-03  7.07669010e-02]\n"," [-4.79975908e-02 -7.81497832e-03  9.98816879e-01  8.39221136e+00]]\n","Path Points:   12; Loop Time: 5.576549530029297\n","[[ 0.99997583  0.00565762 -0.00404022  0.08911724]\n"," [-0.00563311  0.99996581  0.00605345 -0.0240115 ]\n"," [ 0.00407433 -0.00603054  0.99997352  0.8396914 ]\n"," [ 0.          0.          0.          1.        ]]\n","RegistrationResult with fitness=5.188000e-01, inlier_rmse=5.348706e-02, and correspondence_set size of 25940\n","Access transformation to get result.\n","[[ 9.98731827e-01  3.67506826e-03  5.02118739e-02  5.08174024e-01]\n"," [-4.11589957e-03  9.99953867e-01  8.67884717e-03  7.93916038e-02]\n"," [-5.01776621e-02 -8.87450792e-03  9.98700879e-01  9.22217878e+00]]\n","Path Points:   13; Loop Time: 5.678696393966675\n","[[ 9.99976650e-01  2.92705678e-04  6.82739229e-03 -3.44454833e-02]\n"," [-4.48006084e-04  9.99740943e-01  2.27562393e-02 -3.20812551e-01]\n"," [-6.81896272e-03 -2.27587666e-02  9.99717730e-01  8.86782353e-01]\n"," [ 0.00000000e+00  0.00000000e+00  0.00000000e+00  1.00000000e+00]]\n","RegistrationResult with fitness=5.339800e-01, inlier_rmse=5.321508e-02, and correspondence_set size of 26699\n","Access transformation to get result.\n","[[ 9.98702690e-01  1.21803261e-03  5.09063114e-02  5.70429897e-01]\n"," [-1.65664177e-03  9.99961864e-01  8.57470173e-03  8.95569887e-02]\n"," [-5.08939258e-02 -8.64791121e-03  9.98666622e-01  1.00933937e+01]]\n","Path Points:   14; Loop Time: 5.2510316371917725\n","[[ 0.99992043 -0.01241898  0.00221487 -0.01252564]\n"," [ 0.01245887  0.9997417  -0.01900805  0.27515842]\n"," [-0.00197824  0.01903413  0.99981688  0.73633362]\n"," [ 0.          0.          0.          1.        ]]\n","RegistrationResult with fitness=5.506600e-01, inlier_rmse=5.263201e-02, and correspondence_set size of 27533\n","Access transformation to get result.\n","[[ 9.98647270e-01  1.86076960e-03  5.19631307e-02  6.39169627e-01]\n"," [-2.33607481e-03  9.99955977e-01  9.08773272e-03  9.82569065e-02]\n"," [-5.19439330e-02 -9.19682924e-03  9.98607654e-01  1.09045494e+01]]\n","Path Points:   15; Loop Time: 5.189826250076294\n","[[ 0.99991513  0.00730707  0.01078631 -0.12071251]\n"," [-0.00751077  0.99979189  0.01896721 -0.22825042]\n"," [-0.01064547 -0.01904662  0.99976192  0.86249809]\n"," [ 0.          0.          0.          1.        ]]\n","RegistrationResult with fitness=5.041400e-01, inlier_rmse=5.769551e-02, and correspondence_set size of 25207\n","Access transformation to get result.\n","[[ 9.98474190e-01 -8.48241899e-04  5.52138715e-02  6.78079641e-01]\n"," [ 2.79680431e-04  9.99946870e-01  1.03043515e-02  1.09132732e-01]\n"," [-5.52196785e-02 -1.02731868e-02  9.98421378e-01  1.17471416e+01]]\n","Path Points:   16; Loop Time: 5.197693347930908\n","[[ 0.99996832  0.00342092  0.00718742 -0.07668065]\n"," [-0.00344272  0.99998951  0.00302187 -0.00455484]\n"," [-0.00717701 -0.00304651  0.9999696   1.0043876 ]\n"," [ 0.          0.          0.          1.        ]]\n","RegistrationResult with fitness=5.010800e-01, inlier_rmse=5.792498e-02, and correspondence_set size of 25054\n","Access transformation to get result.\n","[[ 9.98011792e-01  4.97688010e-04  6.30255197e-02  6.77667498e-01]\n"," [-1.28843293e-03  9.99920962e-01  1.25064035e-02  1.27922954e-01]\n"," [-6.30143140e-02 -1.25627423e-02  9.97933552e-01  1.26845271e+01]]\n","Path Points:   17; Loop Time: 5.164888381958008\n","[[ 0.99988878  0.00913224  0.01179126 -0.14222608]\n"," [-0.00924235  0.99991388  0.00931759 -0.02975801]\n"," [-0.01170516 -0.00942554  0.99988707  0.85785383]\n"," [ 0.          0.          0.          1.        ]]\n","RegistrationResult with fitness=5.308600e-01, inlier_rmse=5.582776e-02, and correspondence_set size of 26543\n","Access transformation to get result.\n","[[ 9.97907692e-01  1.04226994e-03  6.46463534e-02  7.48768712e-01]\n"," [-2.07573163e-03  9.99871094e-01  1.59212843e-02  1.39300827e-01]\n"," [-6.46214258e-02 -1.60221605e-02  9.97781219e-01  1.35157862e+01]]\n","Path Points:   18; Loop Time: 5.251248598098755\n","[[ 0.99974865  0.02166651 -0.00576166  0.11556919]\n"," [-0.02152669  0.99949644  0.02331241 -0.22926885]\n"," [ 0.00626385 -0.02318252  0.99971163  0.8823776 ]\n"," [ 0.          0.          0.          1.        ]]\n","RegistrationResult with fitness=5.498200e-01, inlier_rmse=5.544740e-02, and correspondence_set size of 27491\n","Access transformation to get result.\n","[[ 9.97760192e-01  4.45573542e-03  6.67438884e-02  8.31902994e-01]\n"," [-5.62441476e-03  9.99833966e-01  1.73322466e-02  1.61871067e-01]\n"," [-6.66555787e-02 -1.76688210e-02  9.97619590e-01  1.44107121e+01]]\n","Path Points:   19; Loop Time: 5.4648802280426025\n","[[ 0.99997572 -0.00314879  0.00621689 -0.07840851]\n"," [ 0.00308369  0.99994061  0.01045355 -0.06273021]\n"," [-0.00624944 -0.01043413  0.99992603  1.03063084]\n"," [ 0.          0.          0.          1.        ]]\n","RegistrationResult with fitness=5.530200e-01, inlier_rmse=5.623362e-02, and correspondence_set size of 27651\n","Access transformation to get result.\n","[[ 9.97725362e-01  6.21509574e-03  6.71228254e-02  9.29029720e-01]\n"," [-7.40472846e-03  9.99819636e-01  1.74889929e-02  1.77160740e-01]\n"," [-6.70020231e-02 -1.79462381e-02  9.97591430e-01  1.53575370e+01]]\n","Path Points:   20; Loop Time: 5.062061548233032\n","[[ 9.99862089e-01  1.93570073e-03 -1.64941463e-02  1.57570621e-01]\n"," [-1.94823399e-03  9.99997826e-01 -7.43826837e-04  4.23252095e-02]\n"," [ 1.64926706e-02  7.75858711e-04  9.99863686e-01  7.41932317e-01]\n"," [ 0.00000000e+00  0.00000000e+00  0.00000000e+00  1.00000000e+00]]\n","RegistrationResult with fitness=5.389600e-01, inlier_rmse=5.484361e-02, and correspondence_set size of 26948\n","Access transformation to get result.\n","[[ 9.97706239e-01  5.21719049e-03  6.74910513e-02  1.01145045e+00]\n"," [-6.38771555e-03  9.99832708e-01  1.71392495e-02  1.91114028e-01]\n"," [-6.73903418e-02 -1.75310498e-02  9.97572656e-01  1.62267486e+01]]\n","Path Points:   21; Loop Time: 5.079778432846069\n","[[ 0.99992489  0.00681771  0.01018512 -0.12801735]\n"," [-0.00684553  0.99997293  0.00269957  0.0401649 ]\n"," [-0.01016644 -0.00276909  0.99994449  0.88773944]\n"," [ 0.          0.          0.          1.        ]]\n","RegistrationResult with fitness=5.309400e-01, inlier_rmse=5.484884e-02, and correspondence_set size of 26547\n","Access transformation to get result.\n","[[ 9.97578161e-01  5.47856425e-03  6.93382911e-02  1.08423849e+00]\n"," [-6.70002258e-03  9.99826236e-01  1.73956398e-02  2.00009447e-01]\n"," [-6.92309395e-02 -1.78180784e-02  9.97441524e-01  1.71046490e+01]]\n","Path Points:   22; Loop Time: 5.697181463241577\n","[[ 0.99954086 -0.02828753  0.01085737 -0.12298179]\n"," [ 0.02808658  0.99943918  0.01823388 -0.29787439]\n"," [-0.01136707 -0.01792056  0.9997748   1.00953853]\n"," [ 0.          0.          0.          1.        ]]\n","RegistrationResult with fitness=5.293000e-01, inlier_rmse=5.462389e-02, and correspondence_set size of 26465\n","Access transformation to get result.\n","[[ 9.97632365e-01  4.35399260e-03  6.86345913e-02  1.19122241e+00]\n"," [-5.60634595e-03  9.99821103e-01  1.80646298e-02  2.12479930e-01]\n"," [-6.85436595e-02 -1.84066486e-02  9.97478302e-01  1.80144647e+01]]\n","Path Points:   23; Loop Time: 5.652153253555298\n","[[ 0.99914353 -0.04135879 -0.00128355 -0.14964236]\n"," [ 0.04136251  0.99913963  0.00302286 -0.05669404]\n"," [ 0.00115742 -0.00307336  0.99999461  0.79931128]\n"," [ 0.          0.          0.          1.        ]]\n","RegistrationResult with fitness=5.021200e-01, inlier_rmse=5.520237e-02, and correspondence_set size of 25106\n","Access transformation to get result.\n","[[ 9.97558377e-01  2.46040379e-03  6.97942016e-02  1.27428667e+00]\n"," [-3.85028189e-03  9.99796816e-01  1.97864156e-02  2.28299412e-01]\n"," [-6.97313379e-02 -2.00068320e-02  9.97365162e-01  1.88971829e+01]]\n","Path Points:   24; Loop Time: 7.686049461364746\n","[[ 0.9998316  -0.013279   -0.01266613  0.25420993]\n"," [ 0.01324019  0.9999074  -0.00314352 -0.00932663]\n"," [ 0.0127067   0.00297529  0.99991484  0.91152022]\n"," [ 0.          0.          0.          1.        ]]\n","RegistrationResult with fitness=4.558400e-01, inlier_rmse=5.999718e-02, and correspondence_set size of 22792\n","Access transformation to get result.\n","[[ 9.97661748e-01  8.82963539e-04  6.83392762e-02  1.40364328e+00]\n"," [-2.35436392e-03  9.99767080e-01  2.14532701e-02  2.49978424e-01]\n"," [-6.83044161e-02 -2.15640025e-02  9.97431452e-01  1.97733598e+01]]\n","Path Points:   25; Loop Time: 7.068056106567383\n","[[ 9.99956700e-01  5.44421083e-03  7.54708025e-03 -4.33607114e-02]\n"," [-5.44044763e-03  9.99985066e-01 -5.19070472e-04  2.53402281e-02]\n"," [-7.54979347e-03  4.77988502e-04  9.99971386e-01  1.12952485e+00]\n"," [ 0.00000000e+00  0.00000000e+00  0.00000000e+00  1.00000000e+00]]\n","RegistrationResult with fitness=4.891600e-01, inlier_rmse=5.936220e-02, and correspondence_set size of 24458\n","Access transformation to get result.\n","[[ 9.97646373e-01  1.50109652e-03  6.85526095e-02  1.48698428e+00]\n"," [-2.91451771e-03  9.99785139e-01  2.05226912e-02  2.66109431e-01]\n"," [-6.85070737e-02 -2.06741863e-02  9.97436393e-01  2.08144895e+01]]\n","Path Points:   26; Loop Time: 5.9076409339904785\n","[[ 9.99996109e-01  2.76517852e-03 -3.69636000e-04  4.86807661e-02]\n"," [-2.75959251e-03  9.99893323e-01  1.43432252e-02 -2.26271591e-01]\n"," [ 4.09258147e-04 -1.43421493e-02  9.99897062e-01  8.79290034e-01]\n"," [ 0.00000000e+00  0.00000000e+00  0.00000000e+00  1.00000000e+00]]\n","RegistrationResult with fitness=5.162600e-01, inlier_rmse=5.828616e-02, and correspondence_set size of 25813\n","Access transformation to get result.\n","[[ 9.97527693e-01  3.20933045e-03  7.02011510e-02  1.55583231e+00]\n"," [-4.43878339e-03  9.99839376e-01  1.73643079e-02  2.96152094e-01]\n"," [-7.01341472e-02 -1.76329858e-02  9.97381712e-01  2.16896334e+01]]\n","Path Points:   27; Loop Time: 6.1071131229400635\n","[[ 0.99995814 -0.00810728 -0.00424222  0.05046326]\n"," [ 0.00805911  0.99990423 -0.01125052  0.10644378]\n"," [ 0.00433303  0.01121586  0.99992771  0.93641677]\n"," [ 0.          0.          0.          1.        ]]\n","RegistrationResult with fitness=5.050600e-01, inlier_rmse=5.891013e-02, and correspondence_set size of 25253\n","Access transformation to get result.\n","[[ 9.97583414e-01  3.12964479e-03  6.94084841e-02  1.63557947e+00]\n"," [-4.15506068e-03  9.99884281e-01  1.46341906e-02  3.12995257e-01]\n"," [-6.93546524e-02 -1.48872223e-02  9.97480979e-01  2.26242278e+01]]\n","Path Points:   28; Loop Time: 6.157258033752441\n","[[ 0.99972619 -0.0053078   0.02278957 -0.25829114]\n"," [ 0.00533216  0.99998528 -0.00100804 -0.00165802]\n"," [-0.02278388  0.00112928  0.99973978  0.98482996]\n"," [ 0.          0.          0.          1.        ]]\n","RegistrationResult with fitness=5.108000e-01, inlier_rmse=5.948181e-02, and correspondence_set size of 25540\n","Access transformation to get result.\n","[[ 9.97384487e-01  3.29882800e-03  7.22032112e-02  1.65880346e+00]\n"," [-4.15385769e-03  9.99922983e-01  1.16950378e-02  3.35871312e-01]\n"," [-7.21590704e-02 -1.19643711e-02  9.97321374e-01  2.35855399e+01]]\n","Path Points:   29; Loop Time: 6.11439847946167\n","[[ 9.99789514e-01 -9.53681292e-04  2.04943618e-02 -2.72157976e-01]\n"," [ 8.52390639e-04  9.99987383e-01  4.95053410e-03  3.50361113e-03]\n"," [-2.04988245e-02 -4.93202287e-03  9.99777712e-01  1.14886530e+00]\n"," [ 0.00000000e+00  0.00000000e+00  0.00000000e+00  1.00000000e+00]]\n","RegistrationResult with fitness=4.603200e-01, inlier_rmse=6.094128e-02, and correspondence_set size of 23016\n","Access transformation to get result.\n","[[ 9.96715739e-01  5.09226924e-03  8.08195769e-02  1.64929237e+00]\n"," [-6.10955180e-03  9.99905135e-01  1.23447846e-02  3.59995879e-01]\n"," [-8.07490470e-02 -1.27980125e-02  9.96652298e-01  2.46524231e+01]]\n","Path Points:   30; Loop Time: 5.989460229873657\n","[[ 0.99995612 -0.00877117 -0.0032916   0.01525652]\n"," [ 0.00880793  0.99989709  0.01132408 -0.13292486]\n"," [ 0.00319193 -0.01135258  0.99993046  0.97029804]\n"," [ 0.          0.          0.          1.        ]]\n","RegistrationResult with fitness=5.009600e-01, inlier_rmse=5.894364e-02, and correspondence_set size of 25048\n","Access transformation to get result.\n","[[ 9.96620458e-01  6.00591061e-03  8.19243086e-02  1.70601415e+00]\n"," [-7.44171921e-03  9.99823825e-01  1.72319683e-02  3.60185807e-01]\n"," [-8.18063819e-02 -1.77833898e-02  9.96489572e-01  2.56196323e+01]]\n","Path Points:   31; Loop Time: 5.5390403270721436\n","[[ 0.99994748 -0.00733139  0.00716153 -0.19791366]\n"," [ 0.00742571  0.99988484 -0.01323496  0.17859051]\n"," [-0.00706367  0.01328745  0.99988677  0.90293218]\n"," [ 0.          0.          0.          1.        ]]\n","RegistrationResult with fitness=5.356000e-01, inlier_rmse=5.863387e-02, and correspondence_set size of 26780\n","Access transformation to get result.\n","[[ 9.96459853e-01  6.48626966e-03  8.38193849e-02  1.76522177e+00]\n"," [-8.47650322e-03  9.99690006e-01  2.34102911e-02  3.69152954e-01]\n"," [-8.36415559e-02 -2.40379105e-02  9.96205937e-01  2.65002186e+01]]\n","Path Points:   32; Loop Time: 5.766665458679199\n","[[ 0.99986807  0.01579439  0.00379263 -0.10537391]\n"," [-0.01568222  0.99948544 -0.02798084  0.35414553]\n"," [-0.00423262  0.02791767  0.99960126  0.8976277 ]\n"," [ 0.          0.          0.          1.        ]]\n","RegistrationResult with fitness=4.913600e-01, inlier_rmse=5.791958e-02, and correspondence_set size of 24568\n","Access transformation to get result.\n","[[ 9.96380823e-01  4.93529980e-03  8.48581120e-02  1.83373807e+00]\n"," [-7.30776825e-03  9.99590394e-01  2.76702110e-02  3.84566987e-01]\n"," [-8.46867929e-02 -2.81901910e-02  9.96008765e-01  2.74337267e+01]]\n","Path Points:   33; Loop Time: 5.044405221939087\n","[[ 0.99975229 -0.01869069 -0.01208362  0.11074988]\n"," [ 0.01841899  0.99958346 -0.02221824  0.22342634]\n"," [ 0.01249386  0.02199017  0.99968012  0.95814612]\n"," [ 0.          0.          0.          1.        ]]\n","RegistrationResult with fitness=5.177000e-01, inlier_rmse=5.608773e-02, and correspondence_set size of 25885\n","Access transformation to get result.\n","[[ 9.96440533e-01  3.26281167e-03  8.42354908e-02  1.93783345e+00]\n"," [-5.58456044e-03  9.99610546e-01  2.73416989e-02  4.13491919e-01]\n"," [-8.41134741e-02 -2.77147953e-02  9.96070687e-01  2.83998991e+01]]\n","Path Points:   34; Loop Time: 5.023043632507324\n","[[ 0.99997264 -0.00265933  0.00690263 -0.11438777]\n"," [ 0.0027486   0.99991228 -0.01295669  0.14731891]\n"," [-0.00686757  0.01297531  0.99989223  0.94004976]\n"," [ 0.          0.          0.          1.        ]]\n","RegistrationResult with fitness=5.356000e-01, inlier_rmse=5.478440e-02, and correspondence_set size of 26780\n","Access transformation to get result.\n","[[ 9.96382469e-01  1.49474804e-03  8.49690636e-02  2.03080885e+00]\n"," [-3.42057117e-03  9.99740452e-01  2.25239279e-02  4.47298672e-01]\n"," [-8.49133425e-02 -2.27330896e-02  9.96128973e-01  2.93613021e+01]]\n","Path Points:   35; Loop Time: 4.8428380489349365\n","[[ 9.99979009e-01  6.42075838e-03  8.68987368e-04 -2.71616317e-02]\n"," [-6.40539842e-03  9.99840794e-01 -1.66540823e-02  1.60956617e-01]\n"," [-9.75780858e-04  1.66481665e-02  9.99860934e-01  9.54544387e-01]\n"," [ 0.00000000e+00  0.00000000e+00  0.00000000e+00  1.00000000e+00]]\n","RegistrationResult with fitness=5.498800e-01, inlier_rmse=5.287962e-02, and correspondence_set size of 27494\n","Access transformation to get result.\n","[[ 9.96313928e-01 -1.67020484e-03  8.57657752e-02  2.13183235e+00]\n"," [ 2.99298090e-05  9.99817143e-01  1.91227788e-02  4.83057973e-01]\n"," [-8.57820312e-02 -1.90497239e-02  9.96131794e-01  3.03545702e+01]]\n","Path Points:   36; Loop Time: 4.969403982162476\n","[[ 0.99994645 -0.00692849  0.00768698 -0.04259656]\n"," [ 0.00691437  0.99997436  0.00186116  0.00176146]\n"," [-0.00769968 -0.00180791  0.99996872  0.93778646]\n"," [ 0.          0.          0.          1.        ]]\n","RegistrationResult with fitness=5.148400e-01, inlier_rmse=5.400937e-02, and correspondence_set size of 25742\n","Access transformation to get result.\n","[[ 9.95869460e-01 -1.02030825e-02  9.02214790e-02  2.20824291e+00]\n"," [ 8.44352591e-03  9.99767060e-01  1.